	时间	收盘价	开盘价	最高价	最低价	成交额（元）	成交量（手）	对数收益率
1	20130801093100	9.84	9.81	9.9	9.81	649650	591	0.003053437
2	20130801093200	9.83	9.84	9.87	9.82	634400	576	-0.001016777
3	20130801093300	9.87	9.83	9.87	9.82	1182750	1077	0.004060919
4	20130801093400	9.84	9.84	9.84	9.83	605256	551	-0.003044142
5	20130801093500	9.82	9.82	9.84	9.82	392178	357	-0.002034589
6	20130801093600	9.87	9.82	9.87	9.82	413637	376	0.005078731
7	20130801093700	9.84	9.82	9.87	9.82	147590	134	-0.003044142
8	20130801093800	9.85	9.84	9.85	9.84	487357	443	0.001015744
9	20130801093900	9.89	9.84	9.89	9.84	872757	791	0.00405269
10	20130801094000	9.88	9.86	9.9	9.86	144723	131	-0.001011634
11	20130801094100	10.01	9.94	10.01	9.94	1589945	1430	0.013072082
12	20130801094200	9.98	10	10.01	9.98	664234	594	-0.003001503
13	20130801094300	9.91	9.98	9.98	9.91	831566	748	-0.007038742
14	20130801094400	9.98	9.96	9.98	9.94	150919	135	0.007038742
15	20130801094500	9.98	9.98	9.98	9.98	614833	551	0
16	20130801094600	10.01	9.99	10.01	9.96	2568741	2299	0.003001503
17	20130801094700	10.03	10.01	10.04	10.01	1078906	963	0.001996009
18	20130801094800	9.98	10.02	10.02	9.98	463274	414	-0.004997512
19	20130801094900	9.98	9.98	9.99	9.96	263114	236	0
20	20130801095000	10	10	10	9.98	485873	435	0.002002003
21	20130801095100	10.01	10.01	10.03	10.01	2362630	2110	0.0009995
22	20130801095200	9.98	10.01	10.01	9.98	959544	858	-0.003001503
23	20130801095300	9.98	10.01	10.01	9.98	547898	490	0
24	20130801095400	9.97	9.98	9.98	9.97	270957	243	-0.001002506
25	20130801095500	9.96	9.97	9.97	9.96	141401	127	-0.001003512
26	20130801095600	10.01	9.97	10.02	9.97	1682683	1506	0.005007522
27	20130801095700	10.01	10.02	10.02	10.01	1441156	1287	0
28	20130801095800	10.02	9.99	10.02	9.99	2471465	2210	0.000998502
29	20130801095900	10.04	10.04	10.05	10.02	2192767	1955	0.001994019
30	20130801100000	10.08	10.04	10.08	10.04	2666341	2372	0.003976148
31	20130801100100	10.1	10.09	10.1	10.09	3145742	2787	0.001982161
32	20130801100200	10.07	10.1	10.1	10.07	1170220	1038	-0.002974717
33	20130801100300	10.06	10.08	10.08	10.06	398773	354	-0.000993542
34	20130801100400	10.05	10.07	10.07	10.05	458657	408	-0.00099453
35	20130801100500	10.04	10.05	10.06	10.04	1005076	895	-0.00099552
36	20130801100600	10.06	10.07	10.07	10.05	1289628	1148	0.00199005
37	20130801100700	10.03	10.06	10.06	10.02	1338486	1193	-0.002986563
38	20130801100800	10.09	10.05	10.11	10.05	2657941	2357	0.005964232
39	20130801100900	10.13	10.11	10.13	10.11	3388498	2997	0.003956484
40	20130801101000	10.1	10.13	10.13	10.07	2918738	2583	-0.002965894
41	20130801101100	10.07	10.09	10.09	10.07	1015075	901	-0.002974717
42	20130801101200	10.09	10.08	10.1	10.08	1740550	1543	0.001984128
43	20130801101300	10.08	10.09	10.1	10.08	1513427	1342	-0.000991572
44	20130801101400	10.07	10.07	10.08	10.07	1065167	946	-0.000992556
45	20130801101500	10.09	10.07	10.09	10.07	1104762	981	0.001984128
46	20130801101600	10.11	10.1	10.13	10.1	1829939	1619	0.001980199
47	20130801101700	10.12	10.13	10.13	10.11	871024	770	0.000988631
48	20130801101800	10.1	10.12	10.12	10.1	1002017	887	-0.00197824
49	20130801101900	10.09	10.1	10.1	10.09	230154	204	-0.000990589
50	20130801102000	10.08	10.08	10.09	10.08	808274	717	-0.000991572
51	20130801102100	10.08	10.08	10.08	10.08	94668	84	0
52	20130801102200	10.09	10.08	10.09	10.08	591853	525	0.000991572
53	20130801102300	10.07	10.08	10.08	10.07	2018007	1792	-0.001984128
54	20130801102400	10.13	10.07	10.13	10.07	2500735	2214	0.005940612
55	20130801102500	10.12	10.13	10.13	10.11	875270	774	-0.000987654
56	20130801102600	10.11	10.12	10.13	10.11	866223	766	-0.000988631
57	20130801102700	10.09	10.11	10.11	10.09	611124	541	-0.001980199
58	20130801102800	10.1	10.09	10.1	10.09	426546	378	0.000990589
59	20130801102900	10.07	10.09	10.09	10.07	236586	210	-0.002974717
60	20130801103000	10.07	10.07	10.08	10.07	112604	100	0
61	20130801103100	10.08	10.08	10.08	10.07	91258	81	0.000992556
62	20130801103200	10.08	10.07	10.08	10.07	208965	186	0
63	20130801103300	10.08	10.08	10.08	10.07	128448	114	0
64	20130801103400	10.07	10.07	10.08	10.07	1168325	1037	-0.000992556
65	20130801103500	10.07	10.07	10.07	10.07	797208	708	0
66	20130801103600	10.07	10.07	10.07	10.07	441956	393	0
67	20130801103700	10.07	10.07	10.07	10.07	95834	85	0
68	20130801103800	10.07	10.07	10.08	10.07	245605	218	0
69	20130801103900	10.08	10.07	10.08	10.07	600253	533	0.000992556
70	20130801104000	10.07	10.07	10.07	10.07	493626	438	-0.000992556
71	20130801104100	10.09	10.07	10.09	10.07	849471	754	0.001984128
72	20130801104200	10.08	10.09	10.09	10.08	191603	170	-0.000991572
73	20130801104300	10.08	10.07	10.08	10.07	84633	75	0
74	20130801104400	10.07	10.08	10.08	10.07	441399	392	-0.000992556
75	20130801104500	10.07	10.07	10.07	10.07	865663	769	0
76	20130801104600	10.06	10.07	10.07	10.06	606229	539	-0.000993542
77	20130801104700	10.06	10.06	10.06	10.06	828388	737	0
78	20130801104800	10.06	10.06	10.06	10.06	334981	298	0
79	20130801104900	10.06	10.06	10.06	10.06	140455	125	0
80	20130801105000	10.06	10.06	10.07	10.06	281020	250	0
81	20130801105100	10.07	10.06	10.07	10.06	314423	280	0.000993542
82	20130801105200	10.06	10.06	10.06	10.06	108465	96	-0.000993542
83	20130801105300	10.06	10.07	10.07	10.06	836263	744	0
84	20130801105400	10.07	10.06	10.07	10.06	309317	275	0.000993542
85	20130801105500	10.06	10.07	10.07	10.06	1057514	941	-0.000993542
86	20130801105600	10.05	10.05	10.05	10.05	125776	112	-0.00099453
87	20130801105700	10.05	10.06	10.06	10.05	470972	419	0
88	20130801105800	10.07	10.05	10.07	10.05	375312	334	0.001988072
89	20130801105900	10.07	10.07	10.07	10.06	148481	132	0
90	20130801110000	10.06	10.07	10.07	10.06	241438	215	-0.000993542
91	20130801110100	10.07	10.06	10.07	10.06	286691	255	0.000993542
92	20130801110200	10.06	10.06	10.06	10.06	3372	3	-0.000993542
93	20130801110300	10.05	10.07	10.07	10.05	486743	433	-0.00099453
94	20130801110400	10.03	10.05	10.05	10.03	565761	505	-0.001992033
95	20130801110500	10	10.02	10.02	10	1479912	1322	-0.002995509
96	20130801110600	9.98	10	10	9.98	604899	542	-0.002002003
97	20130801110700	9.99	9.98	9.99	9.98	557835	500	0.001001502
98	20130801110800	10.01	9.99	10.01	9.99	91716	82	0.002000001
99	20130801110900	10.02	9.99	10.02	9.99	294007	263	0.000998502
100	20130801111000	9.98	9.98	10.02	9.98	366690	328	-0.004000005
101	20130801111100	9.98	9.98	10.01	9.98	157182	140	0
102	20130801111200	9.99	9.98	10.01	9.98	142890	128	0.001001502
103	20130801111300	9.97	9.98	9.98	9.97	437597	393	-0.002004009
104	20130801111400	9.97	9.98	9.98	9.97	358501	322	0
105	20130801111500	9.98	9.97	9.98	9.97	222056	199	0.001002506
106	20130801111600	9.98	9.98	9.99	9.98	151827	136	0
107	20130801111700	9.97	9.98	9.98	9.97	283839	254	-0.001002506
108	20130801111800	9.97	9.96	9.97	9.96	208546	188	0
109	20130801111900	9.98	9.97	9.98	9.97	208648	187	0.001002506
110	20130801112000	9.98	9.98	9.98	9.98	125442	112	0
111	20130801112100	9.98	9.98	9.98	9.98	140521	126	0
112	20130801112200	10	9.98	10	9.98	634228	568	0.002002003
113	20130801112300	10	10.01	10.01	10	184483	165	0
114	20130801112400	9.98	9.98	9.98	9.98	5577	5	-0.002002003
115	20130801112500	10	9.98	10	9.98	191974	172	0.002002003
116	20130801112600	9.98	9.98	9.98	9.98	12276	11	-0.002002003
117	20130801112700	9.98	9.98	9.98	9.98	182476	164	0
118	20130801112800	9.98	9.98	9.99	9.98	344214	308	0
119	20130801112900	9.97	9.98	9.98	9.97	358572	322	-0.001002506
120	20130801113000	9.97	9.97	9.97	9.97	101388	91	0
121	20130801130100	9.98	9.98	9.98	9.98	215702	193	0.001002506
122	20130801130200	9.99	9.98	9.99	9.98	170899	153	0.001001502
123	20130801130300	10	10	10	10	375648	336	0.0010005
124	20130801130400	9.99	10	10.01	9.99	238240	213	-0.0010005
125	20130801130500	10	9.99	10	9.99	14526	13	0.0010005
126	20130801130600	10	10	10	10	63723	57	0
127	20130801130700	10.03	10.02	10.03	10.02	755696	675	0.002995509
128	20130801130800	10.04	10.04	10.04	10.04	437615	390	0.000996512
129	20130801130900	10.04	10.05	10.05	10.04	107776	96	0
130	20130801131000	10.05	10.05	10.05	10.05	391927	349	0.00099552
131	20130801131100	10.04	10.04	10.05	10.04	257038	229	-0.00099552
132	20130801131200	10.03	10.04	10.04	10.03	354457	316	-0.000996512
133	20130801131300	10.02	10.03	10.03	10.02	346222	309	-0.000997506
134	20130801131400	10.03	10.02	10.03	10.02	462729	413	0.000997506
135	20130801131500	10.04	10.04	10.04	10.04	69552	62	0.000996512
136	20130801131600	10.04	10.03	10.04	10.03	153579	137	0
137	20130801131700	10.04	10.03	10.04	10.03	394817	352	0
138	20130801131800	10.05	10.04	10.05	10.04	61719	55	0.00099552
139	20130801131900	10.05	10.04	10.05	10.04	75289	67	0
140	20130801132000	10.05	10.05	10.05	10.04	667192	594	0
141	20130801132100	10.06	10.06	10.06	10.05	52813	47	0.00099453
142	20130801132200	10.06	10.06	10.06	10.05	21610	19	0
143	20130801132300	10.05	10.05	10.05	10.05	129887	116	-0.00099453
144	20130801132400	10.05	10.05	10.05	10.05	353861	315	0
145	20130801132500	10.04	10.04	10.04	10.04	474627	423	-0.00099552
146	20130801132600	10.04	10.04	10.05	10.04	206457	184	0
147	20130801132700	10.03	10.05	10.05	10.03	140012	125	-0.000996512
148	20130801132800	10.02	10.03	10.03	10.02	19055	17	-0.000997506
149	20130801132900	10.02	10.02	10.02	10.02	40320	36	0
150	20130801133000	10.02	10.02	10.02	10.02	33600	30	0
151	20130801133100	10.04	10.02	10.04	10.02	655814	585	0.001994019
152	20130801133200	10.03	10.04	10.04	10.03	269256	240	-0.000996512
153	20130801133300	10.04	10.04	10.04	10.03	58300	52	0.000996512
154	20130801133400	10.07	10.03	10.07	10.03	1854053	1649	0.002983592
155	20130801133500	10.07	10.07	10.07	10.07	420854	374	0
156	20130801133600	10.03	10.07	10.07	10.03	421826	375	-0.003980105
157	20130801133700	10.04	10.03	10.04	10.03	33752	30	0.000996512
158	20130801133800	10.06	10.03	10.06	10.02	187233	167	0.00199005
159	20130801133900	10.06	10.04	10.06	10.04	6739	6	0
160	20130801134000	10.06	10.04	10.06	10.04	259244	231	0
161	20130801134100	10.04	10.06	10.06	10.04	32593	29	-0.00199005
162	20130801134200	10.05	10.06	10.07	10.05	140502	125	0.00099552
163	20130801134300	10.05	10.05	10.06	10.05	89843	80	0
164	20130801134400	10.04	10.05	10.06	10.04	183044	163	-0.00099552
165	20130801134500	10.06	10.06	10.06	10.05	225895	201	0.00199005
166	20130801134600	10.07	10.06	10.07	10.06	451165	401	0.000993542
167	20130801134700	10.07	10.07	10.07	10.07	496279	441	0
168	20130801134800	10.06	10.07	10.07	10.06	73065	65	-0.000993542
169	20130801134900	10.07	10.07	10.07	10.07	213974	190	0.000993542
170	20130801135000	10.07	10.07	10.07	10.07	246572	219	0
171	20130801135100	10.07	10.07	10.07	10.07	451477	401	0
172	20130801135200	10.07	10.07	10.07	10.07	319136	284	0
173	20130801135300	10.06	10.07	10.07	10.06	299484	266	-0.000993542
174	20130801135400	10.05	10.05	10.06	10.05	202145	180	-0.00099453
175	20130801135500	10.05	10.05	10.06	10.05	249330	222	0
176	20130801135600	10.05	10.05	10.05	10.05	238065	212	0
177	20130801135700	10.04	10.05	10.05	10.04	218813	195	-0.00099552
178	20130801135800	10.02	10.03	10.03	10.02	153546	137	-0.001994019
179	20130801135900	10.03	10.03	10.03	10.03	299106	267	0.000997506
180	20130801140000	10.03	10.02	10.03	10.02	95268	85	0
181	20130801140100	10.02	10.02	10.03	10.02	325818	291	-0.000997506
182	20130801140200	10.03	10.02	10.03	9.98	782102	698	0.000997506
183	20130801140300	10.02	10.03	10.03	10.02	87122	78	-0.000997506
184	20130801140400	10.02	10.02	10.02	10.02	98524	88	0
185	20130801140500	10.01	10.02	10.02	10.01	127638	114	-0.000998502
186	20130801140600	10.01	10	10.01	10	74946	67	0
187	20130801140700	10.01	10	10.01	10	70478	63	0
188	20130801140800	10.02	10.01	10.02	10.01	147767	132	0.000998502
189	20130801140900	10.02	10.02	10.02	10.02	36960	33	0
190	20130801141000	10	10.01	10.02	10	205800	184	-0.001998003
191	20130801141100	10	10.02	10.02	10	239010	214	0
192	20130801141200	10.01	10	10.01	9.99	99783	89	0.0009995
193	20130801141300	10.01	10.01	10.01	10.01	125267	112	0
194	20130801141400	10.01	10.01	10.01	10	101329	91	0
195	20130801141500	10.01	10	10.01	10	183830	164	0
196	20130801141600	10	10	10.01	10	367002	328	-0.0009995
197	20130801141700	10.01	10.01	10.02	10.01	504619	451	0.0009995
198	20130801141800	10.02	10.02	10.02	10.01	63820	57	0.000998502
199	20130801141900	10.02	10.02	10.02	10.02	396480	354	0
200	20130801142000	10.02	10.02	10.02	10.01	64940	58	0
201	20130801142100	10.02	10.02	10.02	10	851566	761	0
202	20130801142200	10.01	10	10.01	10	673102	602	-0.000998502
203	20130801142300	10	10.01	10.01	10	100634	90	-0.0009995
204	20130801142400	10	10	10	10	12298	11	0
205	20130801142500	10	10	10.01	10	278389	249	0
206	20130801142600	10	10.01	10.01	10	316521	283	0
207	20130801142700	10.01	10.01	10.01	10.01	90634	81	0.0009995
208	20130801142800	10.02	10.01	10.02	10.01	743135	664	0.000998502
209	20130801142900	10.02	10.01	10.02	10.01	185910	166	0
210	20130801143000	10.03	10.02	10.03	10.02	1365718	1219	0.000997506
211	20130801143100	10.04	10.03	10.04	10.03	480079	428	0.000996512
212	20130801143200	10.03	10.04	10.04	10.02	615923	549	-0.000996512
213	20130801143300	10.03	10.02	10.03	10.02	369854	330	0
214	20130801143400	10.02	10.03	10.03	10.02	252753	226	-0.000997506
215	20130801143500	10.02	10.02	10.02	10.02	139742	125	0
216	20130801143600	10	10.02	10.02	10	783956	701	-0.001998003
217	20130801143700	10.02	10	10.04	10	1066242	951	0.001998003
218	20130801143800	10.02	10.02	10.02	10.01	649832	580	0
219	20130801143900	10.03	10.03	10.05	10.03	710371	633	0.000997506
220	20130801144000	10.03	10.03	10.03	10.03	854202	762	0
221	20130801144100	10.05	10.03	10.05	10.03	1424008	1269	0.001992033
222	20130801144200	10.1	10.05	10.1	10.05	5438821	4830	0.004962789
223	20130801144300	10.12	10.11	10.12	10.09	4790691	4240	0.00197824
224	20130801144400	10.13	10.11	10.13	10.11	2259412	1996	0.000987654
225	20130801144500	10.12	10.12	10.13	10.11	818742	724	-0.000987654
226	20130801144600	10.13	10.11	10.13	10.11	3617184	3200	0.000987654
227	20130801144700	10.12	10.13	10.13	10.11	1311663	1159	-0.000987654
228	20130801144800	10.11	10.12	10.13	10.11	1968914	1741	-0.000988631
229	20130801144900	10.11	10.11	10.12	10.1	2983648	2640	0
230	20130801145000	10.11	10.11	10.11	10.11	1227484	1086	0
231	20130801145100	10.11	10.11	10.11	10.1	2530025	2239	0
232	20130801145200	10.11	10.11	10.11	10.1	977553	865	0
233	20130801145300	10.11	10.11	10.12	10.1	1568842	1388	0
234	20130801145400	10.11	10.12	10.12	10.11	603052	533	0
235	20130801145500	10.12	10.11	10.12	10.11	1863897	1649	0.000988631
236	20130801145600	10.12	10.12	10.13	10.11	825907	730	0
237	20130801145700	10.12	10.12	10.12	10.11	882226	780	0
238	20130801145800	10.11	10.12	10.12	10.11	1165084	1030	-0.000988631
239	20130801145900	10.12	10.11	10.12	10.11	2130954	1885	0.000988631
240	20130801150000	10.12	10.12	10.13	10.12	1254323	1109	0
241	20130802093000	10.21	10.21	10.21	10.21	0	0	0.008853968
242	20130802093100	10.25	10.21	10.28	10.21	3016468	2635	0.003910073
243	20130802093200	10.24	10.22	10.24	10.2	1437014	1257	-0.000976086
244	20130802093300	10.18	10.22	10.22	10.18	578192	507	-0.005876608
245	20130802093400	10.2	10.19	10.2	10.17	1082180	951	0.001962709
246	20130802093500	10.24	10.2	10.24	10.2	1757887	1538	0.003913899
247	20130802093600	10.24	10.25	10.27	10.24	2347990	2049	0
248	20130802093700	10.24	10.26	10.26	10.24	3169653	2767	0
249	20130802093800	10.2	10.25	10.25	10.2	1355460	1188	-0.003913899
250	20130802093900	10.25	10.21	10.25	10.21	1057667	926	0.004889985
251	20130802094000	10.21	10.22	10.23	10.21	1173811	1028	-0.003910073
252	20130802094100	10.24	10.22	10.24	10.21	951541	832	0.002933987
253	20130802094200	10.23	10.22	10.24	10.22	1133188	991	-0.00097704
254	20130802094300	10.21	10.22	10.23	10.21	1014007	888	-0.001956948
255	20130802094400	10.2	10.21	10.21	10.2	641949	563	-0.000979912
256	20130802094500	10.19	10.21	10.21	10.19	1272853	1116	-0.000980873
257	20130802094600	10.18	10.19	10.19	10.16	1025328	901	-0.000981836
258	20130802094700	10.15	10.16	10.17	10.15	980462	863	-0.002951306
259	20130802094800	10.14	10.15	10.15	10.14	697459	615	-0.000985707
260	20130802094900	10.13	10.15	10.15	10.13	795316	702	-0.00098668
261	20130802095000	10.13	10.12	10.13	10.11	1306212	1155	0
262	20130802095100	10.13	10.13	10.14	10.12	755668	668	0
263	20130802095200	10.15	10.14	10.15	10.13	511388	451	0.001972387
264	20130802095300	10.17	10.15	10.17	10.15	278841	246	0.001968505
265	20130802095400	10.16	10.17	10.18	10.15	157716	138	-0.000983768
266	20130802095500	10.14	10.15	10.15	10.13	1215033	1073	-0.001970444
267	20130802095600	10.12	10.14	10.14	10.12	737998	652	-0.001974334
268	20130802095700	10.13	10.13	10.13	10.12	523430	463	0.000987654
269	20130802095800	10.12	10.13	10.13	10.12	660352	584	-0.000987654
270	20130802095900	10.11	10.11	10.12	10.11	564885	500	-0.000988631
271	20130802100000	10.12	10.11	10.12	10.11	727503	643	0.000988631
272	20130802100100	10.12	10.12	10.12	10.11	1455349	1288	0
273	20130802100200	10.13	10.11	10.13	10.11	1053598	932	0.000987654
274	20130802100300	10.12	10.12	10.13	10.12	313130	276	-0.000987654
275	20130802100400	10.12	10.13	10.13	10.11	585836	519	0
276	20130802100500	10.1	10.12	10.12	10.1	800698	708	-0.00197824
277	20130802100600	10.1	10.1	10.11	10.1	356782	316	0
278	20130802100700	10.09	10.1	10.1	10.09	189230	168	-0.000990589
279	20130802100800	10.09	10.09	10.1	10.09	330779	293	0
280	20130802100900	10.1	10.1	10.1	10.09	290651	257	0.000990589
281	20130802101000	10.1	10.1	10.11	10.1	329425	292	0
282	20130802101100	10.11	10.11	10.11	10.1	261795	232	0.000989609
283	20130802101200	10.07	10.1	10.1	10.07	2028251	1798	-0.003964326
284	20130802101300	10.08	10.08	10.08	10.08	337860	300	0.000992556
285	20130802101400	10.09	10.08	10.09	10.07	157710	140	0.000991572
286	20130802101500	10.1	10.08	10.1	10.08	279312	248	0.000990589
287	20130802101600	10.09	10.1	10.1	10.09	166674	147	-0.000990589
288	20130802101700	10.09	10.09	10.1	10.09	363710	323	0
289	20130802101800	10.09	10.08	10.09	10.08	255459	226	0
290	20130802101900	10.09	10.09	10.09	10.08	278569	247	0
291	20130802102000	10.12	10.1	10.12	10.1	988758	875	0.002968829
292	20130802102100	10.12	10.11	10.13	10.11	322354	285	0
293	20130802102200	10.12	10.11	10.12	10.11	664992	588	0
294	20130802102300	10.12	10.12	10.12	10.1	357070	316	0
295	20130802102400	10.12	10.12	10.12	10.11	437677	387	0
296	20130802102500	10.12	10.11	10.13	10.11	776172	687	0
297	20130802102600	10.11	10.11	10.12	10.11	285573	252	-0.000988631
298	20130802102700	10.1	10.11	10.11	10.1	794921	704	-0.000989609
299	20130802102800	10.1	10.1	10.1	10.1	6741	6	0
300	20130802102900	10.1	10.11	10.11	10.1	149642	133	0
301	20130802103000	10.1	10.1	10.11	10.1	262229	232	0
302	20130802103100	10.09	10.1	10.1	10.09	477826	424	-0.000990589
303	20130802103200	10.08	10.1	10.1	10.07	1008226	894	-0.000991572
304	20130802103300	10.06	10.07	10.07	10.06	798135	709	-0.001986098
305	20130802103400	10.02	10.05	10.05	10.02	1046023	933	-0.003984069
306	20130802103500	10.04	10.04	10.05	10.03	293110	261	0.001994019
307	20130802103600	10.04	10.04	10.05	10.04	316702	282	0
308	20130802103700	10.07	10.05	10.07	10.04	351211	313	0.002983592
309	20130802103800	10.07	10.05	10.07	10.05	694873	618	0
310	20130802103900	10.07	10.07	10.07	10.07	515515	458	0
311	20130802104000	10.06	10.07	10.07	10.06	933484	830	-0.000993542
312	20130802104100	10.06	10.06	10.06	10.06	33180	30	0
313	20130802104200	10.07	10.07	10.07	10.05	352844	314	0.000993542
314	20130802104300	10.07	10.07	10.07	10.07	519847	462	0
315	20130802104400	10.09	10.09	10.09	10.09	1727197	1531	0.001984128
316	20130802104500	10.08	10.09	10.09	10.08	1308087	1161	-0.000991572
317	20130802104600	10.08	10.08	10.08	10.07	1176659	1045	0
318	20130802104700	10.07	10.07	10.08	10.06	1834402	1630	-0.000992556
319	20130802104800	10.06	10.08	10.08	10.06	307610	273	-0.000993542
320	20130802104900	10.08	10.08	10.08	10.06	911120	809	0.001986098
321	20130802105000	10.1	10.08	10.1	10.07	429787	381	0.001982161
322	20130802105100	10.1	10.07	10.1	10.07	645117	573	0
323	20130802105200	10.11	10.08	10.11	10.08	1338421	1185	0.000989609
324	20130802105300	10.11	10.12	10.12	10.11	947744	838	0
325	20130802105400	10.12	10.13	10.13	10.12	686941	607	0.000988631
326	20130802105500	10.13	10.12	10.13	10.12	600948	531	0.000987654
327	20130802105600	10.12	10.12	10.13	10.12	265975	235	-0.000987654
328	20130802105700	10.13	10.12	10.13	10.12	236569	209	0.000987654
329	20130802105800	10.13	10.12	10.13	10.12	244479	216	0
330	20130802105900	10.13	10.12	10.13	10.11	766987	678	0
331	20130802110000	10.13	10.13	10.14	10.13	1115305	985	0
332	20130802110100	10.12	10.14	10.14	10.12	255734	226	-0.000987654
333	20130802110200	10.14	10.14	10.14	10.13	250220	221	0.001974334
334	20130802110300	10.14	10.14	10.14	10.14	291160	257	0
335	20130802110400	10.13	10.13	10.14	10.13	296777	262	-0.00098668
336	20130802110500	10.13	10.13	10.13	10.13	402992	356	0
337	20130802110600	10.15	10.13	10.15	10.13	945846	835	0.001972387
338	20130802110700	10.17	10.15	10.17	10.15	807368	711	0.001968505
339	20130802110800	10.17	10.17	10.17	10.16	765295	673	0
340	20130802110900	10.18	10.17	10.18	10.16	291238	256	0.000982801
341	20130802111000	10.19	10.18	10.19	10.18	1167280	1025	0.000981836
342	20130802111100	10.18	10.19	10.19	10.18	628474	552	-0.000981836
343	20130802111200	10.2	10.2	10.2	10.18	886834	778	0.001962709
344	20130802111300	10.2	10.2	10.2	10.19	769054	675	0
345	20130802111400	10.2	10.2	10.21	10.19	1211511	1063	0
346	20130802111500	10.18	10.2	10.2	10.17	245754	216	-0.001962709
347	20130802111600	10.15	10.17	10.18	10.15	826504	727	-0.002951306
348	20130802111700	10.16	10.15	10.16	10.15	390254	344	0.000984737
349	20130802111800	10.12	10.11	10.16	10.11	251155	222	-0.003944778
350	20130802111900	10.12	10.12	10.12	10.12	27144	24	0
351	20130802112000	10.15	10.15	10.15	10.15	117936	104	0.002960042
352	20130802112100	10.15	10.15	10.15	10.12	468457	414	0
353	20130802112200	10.12	10.12	10.14	10.12	90517	80	-0.002960042
354	20130802112300	10.12	10.12	10.12	10.12	79184	70	0
355	20130802112400	10.11	10.12	10.12	10.11	273559	242	-0.000988631
356	20130802112500	10.12	10.12	10.12	10.12	39560	35	0.000988631
357	20130802112600	10.1	10.11	10.12	10.1	338955	300	-0.00197824
358	20130802112700	10.11	10.1	10.11	10.1	376256	333	0.000989609
359	20130802112800	10.11	10.1	10.11	10.1	103912	92	0
360	20130802112900	10.11	10.1	10.11	10.1	141133	125	0
361	20130802113000	10.1	10.11	10.11	10.1	364918	323	-0.000989609
362	20130802130100	10.1	10.1	10.12	10.1	2271661	2010	0
363	20130802130200	10.1	10.1	10.11	10.1	551122	488	0
364	20130802130300	10.1	10.1	10.11	10.1	447621	397	0
365	20130802130400	10.09	10.11	10.11	10.09	2148416	1904	-0.000990589
366	20130802130500	10.07	10.08	10.08	10.07	283286	251	-0.001984128
367	20130802130600	10.07	10.07	10.07	10.05	354428	316	0
368	20130802130700	10.07	10.05	10.07	10.05	154218	137	0
369	20130802130800	10.06	10.07	10.08	10.06	1900235	1690	-0.000993542
370	20130802130900	10.05	10.06	10.06	10.05	583490	519	-0.00099453
371	20130802131000	10.05	10.05	10.06	10.04	2420086	2155	0
372	20130802131100	10.02	10.04	10.04	10.02	4198842	3749	-0.002989539
373	20130802131200	10.02	10.02	10.02	9.99	144687	129	0
374	20130802131300	10.02	10.02	10.02	10.02	2588366	2311	0
375	20130802131400	10.02	10.02	10.02	10.02	424699	379	0
376	20130802131500	10.01	10.02	10.02	10.01	335094	300	-0.000998502
377	20130802131600	10.02	10.01	10.02	10.01	71125	63	0.000998502
378	20130802131700	10.02	10.02	10.02	10.01	367579	328	0
379	20130802131800	10.02	10.02	10.02	10.01	753275	673	0
380	20130802131900	10.02	10.02	10.02	10.01	225349	201	0
381	20130802132000	10.02	10.01	10.02	10.01	397834	355	0
382	20130802132100	10.06	10.01	10.06	10.01	1331192	1189	0.003984069
383	20130802132200	10.05	10.05	10.05	10.04	60848	54	-0.00099453
384	20130802132300	10.02	10.05	10.06	10.02	399300	356	-0.002989539
385	20130802132400	10.02	10.05	10.05	10.02	1133247	1012	0
386	20130802132500	10	10.02	10.02	10	948318	847	-0.001998003
387	20130802132600	9.99	10	10	9.99	566628	507	-0.0010005
388	20130802132700	10	10	10	9.99	777974	696	0.0010005
389	20130802132800	9.99	9.99	10	9.99	126827	114	-0.0010005
390	20130802132900	9.99	10	10	9.99	183440	164	0
391	20130802133000	9.99	9.99	9.99	9.98	239237	214	0
392	20130802133100	10	9.99	10	9.99	255136	228	0.0010005
393	20130802133200	9.98	10	10	9.98	2126075	1905	-0.002002003
394	20130802133300	9.98	9.98	9.98	9.98	1169693	1048	0
395	20130802133400	10.02	9.98	10.02	9.98	27033	25	0.004000005
396	20130802133500	10.02	10.02	10.02	9.99	136870	122	0
397	20130802133600	10.01	10.01	10.01	9.99	603649	540	-0.000998502
398	20130802133700	10.02	10.02	10.02	10.02	50630	45	0.000998502
399	20130802133800	10.02	10.02	10.02	10.02	92075	82	0
400	20130802133900	10.04	10.02	10.04	10.02	8079	8	0.001994019
